0 0 0.000335463
0 0.01 0.000393354
0 0.02 0.000460499
0 0.03 0.000538243
0 0.04 0.000628107
0 0.05 0.000731802
0 0.06 0.000851254
0 0.07 0.000988621
0 0.08 0.00114632
0 0.09 0.00132705
0 0.1 0.00153381
0 0.11 0.00176996
0 0.12 0.0020392
0 0.13 0.00234563
0 0.14 0.00269381
0 0.15 0.00308872
0 0.16 0.00353586
0 0.17 0.00404125
0 0.18 0.00461151
0 0.19 0.00525382
0 0.2 0.00597602
0 0.21 0.00678664
0 0.22 0.00769488
0 0.23 0.00871073
0 0.24 0.00984492
0 0.25 0.011109
0 0.26 0.0125153
0 0.27 0.0140772
0 0.28 0.0158086
0 0.29 0.0177246
0 0.3 0.0198411
0 0.31 0.0221748
0 0.32 0.0247433
0 0.33 0.0275652
0 0.34 0.0306599
0 0.35 0.0340475
0 0.36 0.0377489
0 0.37 0.0417857
0 0.38 0.0461804
0 0.39 0.0509556
0 0.4 0.0561348
0 0.41 0.0617414
0 0.42 0.0677995
0 0.43 0.074333
0 0.44 0.0813658
0 0.45 0.0889216
0 0.46 0.0970237
0 0.47 0.105695
0 0.48 0.114957
0 0.49 0.12483
0 0.5 0.135335
0 0.51 0.14649
0 0.52 0.15831
0 0.53 0.170811
0 0.54 0.184004
0 0.55 0.197899
0 0.56 0.212503
0 0.57 0.22782
0 0.58 0.24385
0 0.59 0.260592
0 0.6 0.278037
0 0.61 0.296176
0 0.62 0.314995
0 0.63 0.334473
0 0.64 0.354588
0 0.65 0.375311
0 0.66 0.396611
0 0.67 0.418449
0 0.68 0.440784
0 0.69 0.463569
0 0.7 0.486752
0 0.71 0.510278
0 0.72 0.534085
0 0.73 0.55811
0 0.74 0.582282
0 0.75 0.606531
0 0.76 0.630779
0 0.77 0.654948
0 0.78 0.678955
0 0.79 0.702718
0 0.8 0.726149
0 0.81 0.749162
0 0.82 0.771669
0 0.83 0.793581
0 0.84 0.81481
0 0.85 0.83527
0 0.86 0.854875
0 0.87 0.873541
0 0.88 0.891188
0 0.89 0.907738
0 0.9 0.923116
0 0.91 0.937255
0 0.92 0.950089
0 0.93 0.961558
0 0.94 0.971611
0 0.95 0.980199
0 0.96 0.987282
0 0.97 0.992826
0 0.98 0.996805
0 0.99 0.9992
0 1 1
0 1.01 0.9992
0 1.02 0.996805
0 1.03 0.992826
0 1.04 0.987282
0 1.05 0.980199
0 1.06 0.971611
0 1.07 0.961558
0 1.08 0.950089
0 1.09 0.937255
0 1.1 0.923116
0 1.11 0.907738
0 1.12 0.891188
0 1.13 0.873541
0 1.14 0.854875
0 1.15 0.83527
0 1.16 0.81481
0 1.17 0.793581
0 1.18 0.771669
0 1.19 0.749162
0 1.2 0.726149
0 1.21 0.702718
0 1.22 0.678955
0 1.23 0.654948
0 1.24 0.630779
0 1.25 0.606531
0 1.26 0.582282
0 1.27 0.55811
0 1.28 0.534085
0 1.29 0.510278
0 1.3 0.486752
0 1.31 0.463569
0 1.32 0.440784
0 1.33 0.418449
0 1.34 0.396611
0 1.35 0.375311
0 1.36 0.354588
0 1.37 0.334473
0 1.38 0.314995
0 1.39 0.296176
0 1.4 0.278037
0 1.41 0.260592
0 1.42 0.24385
0 1.43 0.22782
0 1.44 0.212503
0 1.45 0.197899
0 1.46 0.184004
0 1.47 0.170811
0 1.48 0.15831
0 1.49 0.14649
0 1.5 0.135335
0 1.51 0.12483
0 1.52 0.114957
0 1.53 0.105695
0 1.54 0.0970237
0 1.55 0.0889216
0 1.56 0.0813658
0 1.57 0.074333
0 1.58 0.0677995
0 1.59 0.0617414
0 1.6 0.0561348
0 1.61 0.0509556
0 1.62 0.0461804
0 1.63 0.0417857
0 1.64 0.0377489
0 1.65 0.0340475
0 1.66 0.0306599
0 1.67 0.0275652
0 1.68 0.0247433
0 1.69 0.0221748
0 1.7 0.0198411
0 1.71 0.0177246
0 1.72 0.0158086
0 1.73 0.0140772
0 1.74 0.0125153
0 1.75 0.011109
0 1.76 0.00984492
0 1.77 0.00871073
0 1.78 0.00769488
0 1.79 0.00678664
0 1.8 0.00597602
0 1.81 0.00525382
0 1.82 0.00461151
0 1.83 0.00404125
0 1.84 0.00353586
0 1.85 0.00308872
0 1.86 0.00269381
0 1.87 0.00234563
0 1.88 0.0020392
0 1.89 0.00176996
0 1.9 0.00153381
0 1.91 0.00132705
0 1.92 0.00114632
0 1.93 0.000988621
0 1.94 0.000851254
0 1.95 0.000731802
0 1.96 0.000628107
0 1.97 0.000538243
0 1.98 0.000460499
0 1.99 0.000393354
0 2 0.000335463
0.5 0 0
0.5 0.01 0.000385891
0.5 0.02 0.00045889
0.5 0.03 0.000536161
0.5 0.04 0.000625302
0.5 0.05 0.000728035
0.5 0.06 0.000846211
0.5 0.07 0.000981894
0.5 0.08 0.00113738
0.5 0.09 0.0013152
0.5 0.1 0.00151818
0.5 0.11 0.00174939
0.5 0.12 0.00201224
0.5 0.13 0.00231043
0.5 0.14 0.002648
0.5 0.15 0.00302933
0.5 0.16 0.00345915
0.5 0.17 0.00394255
0.5 0.18 0.00448496
0.5 0.19 0.00509219
0.5 0.2 0.00577037
0.5 0.21 0.00652598
0.5 0.22 0.00736581
0.5 0.23 0.0082969
0.5 0.24 0.00932658
0.5 0.25 0.0104624
0.5 0.26 0.0117119
0.5 0.27 0.0130829
0.5 0.28 0.0145833
0.5 0.29 0.0162208
0.5 0.3 0.0180031
0.5 0.31 0.0199377
0.5 0.32 0.0220319
0.5 0.33 0.0242927
0.5 0.34 0.0267267
0.5 0.35 0.0293399
0.5 0.36 0.0321382
0.5 0.37 0.0351266
0.5 0.38 0.0383096
0.5 0.39 0.0416912
0.5 0.4 0.0452747
0.5 0.41 0.0490628
0.5 0.42 0.0530573
0.5 0.43 0.0572597
0.5 0.44 0.0616707
0.5 0.45 0.0662904
0.5 0.46 0.0711183
0.5 0.47 0.0761535
0.5 0.48 0.0813943
0.5 0.49 0.0868388
0.5 0.5 0.0924846
0.5 0.51 0.0983289
0.5 0.52 0.104369
0.5 0.53 0.1106
0.5 0.54 0.11702
0.5 0.55 0.123624
0.5 0.56 0.130408
0.5 0.57 0.137368
0.5 0.58 0.144499
0.5 0.59 0.151798
0.5 0.6 0.159259
0.5 0.61 0.166878
0.5 0.62 0.174651
0.5 0.63 0.182573
0.5 0.64 0.190638
0.5 0.65 0.198844
0.5 0.66 0.207184
0.5 0.67 0.215656
0.5 0.68 0.224254
0.5 0.69 0.232974
0.5 0.7 0.241811
0.5 0.71 0.250763
0.5 0.72 0.259824
0.5 0.73 0.26899
0.5 0.74 0.278258
0.5 0.75 0.287624
0.5 0.76 0.297084
0.5 0.77 0.306634
0.5 0.78 0.316271
0.5 0.79 0.32599
0.5 0.8 0.33579
0.5 0.81 0.345666
0.5 0.82 0.355614
0.5 0.83 0.365633
0.5 0.84 0.375717
0.5 0.85 0.385866
0.5 0.86 0.396074
0.5 0.87 0.40634
0.5 0.88 0.41666
0.5 0.89 0.427032
0.5 0.9 0.437452
0.5 0.91 0.447918
0.5 0.92 0.458426
0.5 0.93 0.468975
0.5 0.94 0.479561
0.5 0.95 0.490182
0.5 0.96 0.500835
0.5 0.97 0.511517
0.5 0.98 0.522226
0.5 0.99 0.532958
0.5 1 0.543712
0.5 1.01 0.554485
0.5 1.02 0.565273
0.5 1.03 0.576074
0.5 1.04 0.586886
0.5 1.05 0.597705
0.5 1.06 0.60853
0.5 1.07 0.619356
0.5 1.08 0.630181
0.5 1.09 0.641003
0.5 1.1 0.651817
0.5 1.11 0.662622
0.5 1.12 0.673413
0.5 1.13 0.684187
0.5 1.14 0.694942
0.5 1.15 0.705673
0.5 1.16 0.716377
0.5 1.17 0.72705
0.5 1.18 0.737687
0.5 1.19 0.748286
0.5 1.2 0.75884
0.5 1.21 0.769346
0.5 1.22 0.779799
0.5 1.23 0.790192
0.5 1.24 0.800521
0.5 1.25 0.81078
0.5 1.26 0.820962
0.5 1.27 0.831059
0.5 1.28 0.841065
0.5 1.29 0.850971
0.5 1.3 0.860768
0.5 1.31 0.870446
0.5 1.32 0.879994
0.5 1.33 0.889401
0.5 1.34 0.898652
0.5 1.35 0.907733
0.5 1.36 0.916628
0.5 1.37 0.925315
0.5 1.38 0.933775
0.5 1.39 0.941981
0.5 1.4 0.949905
0.5 1.41 0.957511
0.5 1.42 0.964759
0.5 1.43 0.971599
0.5 1.44 0.977971
0.5 1.45 0.9838
0.5 1.46 0.98899
0.5 1.47 0.993413
0.5 1.48 0.996899
0.5 1.49 0.999201
0.5 1.5 0.999942
0.5 1.51 0.998436
0.5 1.52 0.977904
0.5 1.53 0.698561
0.5 1.54 0.352292
0.5 1.55 0.220338
0.5 1.56 0.167507
0.5 1.57 0.136696
0.5 1.58 0.114815
0.5 1.59 0.0979304
0.5 1.6 0.0843392
0.5 1.61 0.0731154
0.5 1.62 0.0636853
0.5 1.63 0.0556641
0.5 1.64 0.0487782
0.5 1.65 0.0428255
0.5 1.66 0.0376514
0.5 1.67 0.0331348
0.5 1.68 0.0291791
0.5 1.69 0.0257053
0.5 1.7 0.0226484
0.5 1.71 0.0199542
0.5 1.72 0.0175768
0.5 1.73 0.0154772
0.5 1.74 0.0136219
0.5 1.75 0.0119818
0.5 1.76 0.010532
0.5 1.77 0.00925038
0.5 1.78 0.00811777
0.5 1.79 0.00711723
0.5 1.8 0.00623383
0.5 1.81 0.00545434
0.5 1.82 0.00476707
0.5 1.83 0.00416161
0.5 1.84 0.00362871
0.5 1.85 0.00316016
0.5 1.86 0.00274862
0.5 1.87 0.00238756
0.5 1.88 0.00207117
0.5 1.89 0.00179427
0.5 1.9 0.00155225
0.5 1.91 0.00134098
0.5 1.92 0.00115682
0.5 1.93 0.000996509
0.5 1.94 0.000857162
0.5 1.95 0.000736213
0.5 1.96 0.000631389
0.5 1.97 0.000540678
0.5 1.98 0.0004623
0.5 1.99 0.000394682
0.5 2 0
